911	530	0.4358619749546051
911	548	0.4036923348903656
911	514	0.46946707367897034
911	501	0.4046861231327057
911	507	0.4070277512073517
911	506	0.4483640491962433
911	584	0.5010223388671875
911	588	0.46623629331588745
911	655	0.43511372804641724
911	659	0.40763136744499207
911	638	0.4084005653858185
911	647	0.5300081372261047
911	625	0.46430253982543945
911	622	0.32915160059928894
911	627	0.4170219898223877
911	603	0.44882577657699585
911	709	0.4643196761608124
911	855	0.48087140917778015
911	835	0.5146835446357727
911	969	0.4248775839805603
911	154	0.39412257075309753
911	153	0.5352393388748169
911	151	0.4372308552265167
911	163	0.4334567189216614
911	168	0.5040050745010376
911	134	0.42953047156333923
911	143	0.38034576177597046
911	142	0.4565272927284241
796	778	0.5303407311439514
796	775	0.5428529977798462
796	783	0.590381383895874
796	781	0.623062789440155
796	785	0.594528317451477
796	761	0.5741203427314758
796	765	0.6077589988708496
796	869	0.5853744149208069
796	831	0.6121182441711426
796	849	0.45574867725372314
796	810	0.5083845853805542
796	815	0.5276306867599487
796	821	0.607865571975708
796	826	0.5337041616439819
796	809	0.530902624130249
796	807	0.5616866946220398
796	934	0.5640779733657837
796	949	0.5039671063423157
714	181	0.5998992323875427
714	121	0.5059165358543396
714	118	0.5848086476325989
714	117	0.6083912253379822
714	282	0.5306668281555176
714	289	0.5721431374549866
714	294	0.5703662633895874
714	250	0.45407137274742126
714	258	0.5121439695358276
729	272	0.43473660945892334
738	127	0.4678061902523041
738	136	0.5109214782714844
714	323	0.6032829284667969
714	300	0.5259602069854736
729	322	0.3497253656387329
729	328	0.5063813924789429
729	333	0.4741458296775818
729	300	0.6139403581619263
729	313	0.6693493127822876
738	265	0.5253599882125854
738	203	0.4492553174495697
738	211	0.5298491716384888
738	177	0.49561548233032227
738	651	0.3983422517776489
807	998	0.5013498067855835
807	930	0.5300002098083496
807	946	0.5470520257949829
880	260	0.4962867796421051
880	269	0.497513085603714
880	268	0.414502888917923
880	248	0.5271025896072388
880	246	0.4129906892776489
880	245	0.3071843683719635
880	243	0.3595596253871918
851	915	0.6649724245071411
807	101	0.7247188687324524
807	151	0.5775634050369263
807	139	0.5130499005317688
807	298	0.5372015237808228
807	254	0.5778672695159912
807	252	0.5677918195724487
551	161	0.513923168182373
551	162	0.6240145564079285
532	403	0.5650618076324463
532	339	0.5895325541496277
551	125	0.5523068904876709
551	128	0.5362306833267212
551	135	0.656714677810669
551	144	0.5452712178230286
551	111	0.5619515180587769
551	117	0.6008030772209167
551	118	0.5717790722846985
551	121	0.4800782799720764
551	291	0.5920448899269104
551	273	0.5511930584907532
551	274	0.5284919738769531
551	276	0.5352230668067932
551	280	0.5770494937896729
551	281	0.544773519039154
551	284	0.5562446713447571
532	520	0.6828514337539673
532	470	0.5949387550354004
532	483	0.5580002069473267
551	222	0.5610995888710022
587	340	0.398386150598526
587	343	0.49640485644340515
587	347	0.476487934589386
587	358	0.44763630628585815
587	321	0.3995719850063324
587	322	0.4806129038333893
587	323	0.3800848126411438
587	325	0.4710599482059479
587	326	0.47744259238243103
587	327	0.4481269121170044
587	328	0.471460223197937
587	331	0.4680832326412201
587	332	0.42899999022483826
587	333	0.4311363697052002
587	334	0.3454642593860626
587	339	0.41694220900535583
587	300	0.43207478523254395
587	301	0.42551714181900024
587	302	0.5032327175140381
587	303	0.4042550325393677
587	304	0.5870047807693481
587	305	0.3895331621170044
587	307	0.5198838710784912
587	310	0.4314301609992981
587	319	0.39258259534835815
587	313	0.5701127052307129
587	315	0.43329450488090515
587	316	0.5334641933441162
551	640	0.6389514207839966
551	655	0.6024101972579956
551	658	0.6570724248886108
551	660	0.6268123984336853
551	627	0.6154009699821472
551	628	0.6327283978462219
587	286	0.372377872467041
587	288	0.38299763202667236
587	289	0.4527862071990967
587	292	0.38579919934272766
551	636	0.49960681796073914
551	684	0.5522521138191223
551	685	0.5252757668495178
551	686	0.6442257165908813
551	698	0.6367353200912476
551	802	0.45532575249671936
551	808	0.6311653852462769
551	809	0.4847903251647949
551	955	0.5527958869934082
683	588	0.48915091156959534
683	511	0.43783584237098694
683	513	0.5005810260772705
683	607	0.4656486511230469
683	609	0.44679445028305054
683	678	0.4473554193973541
683	682	0.3360510766506195
683	683	0.38821032643318176
683	690	0.4179171025753021
683	626	0.507652759552002
683	754	0.32726961374282837
683	748	0.4808472692966461
699	749	0.525012195110321
683	895	0.2654587924480438
683	879	0.45001518726348877
683	880	0.45569586753845215
683	887	0.45635566115379333
699	886	0.6060446500778198
699	880	0.48588258028030396
683	914	0.2677188217639923
683	915	0.4914380609989166
683	911	0.41816002130508423
683	906	0.5012533664703369
683	900	0.4793702960014343
828	70	0.5212059020996094
796	5	0.47261884808540344
796	77	0.5326169729232788
796	54	0.540459156036377
796	31	0.5148535966873169
796	43	0.5628141760826111
796	15	0.5701903700828552
653	245	0.4220972955226898
653	272	0.5084842443466187
661	272	0.5192144513130188
683	127	0.588570237159729
683	132	0.439515084028244
683	133	0.4075441360473633
683	187	0.49072346091270447
683	286	0.5266349911689758
683	288	0.4293079674243927
683	289	0.424262136220932
683	294	0.43309301137924194
683	258	0.4543847143650055
683	259	0.2857051491737366
683	264	0.30394142866134644
683	268	0.4731852412223816
683	269	0.4946828782558441
683	270	0.40929239988327026
683	271	0.3734591603279114
683	248	0.5097464919090271
699	269	0.5009766221046448
683	317	0.4285769760608673
699	300	0.591694176197052
683	472	0.486197829246521
699	333	0.48548954725265503
699	340	0.4872724711894989
551	3	0.5303232073783875
551	5	0.4618913531303406
551	4	0.5800849795341492
551	82	0.52311772108078
551	85	0.5952284336090088
551	88	0.5281374454498291
551	96	0.5954016447067261
551	95	0.6255657076835632
551	90	0.47930166125297546
551	92	0.48959752917289734
551	91	0.5699024200439453
551	62	0.5060111284255981
551	66	0.5361055731773376
551	68	0.4600256085395813
551	72	0.42115411162376404
683	22	0.4554919898509979
416	211	0.5739709734916687
416	213	0.5582440495491028
416	216	0.6039209961891174
416	215	0.5925155878067017
416	210	0.5619510412216187
416	223	0.6382626295089722
416	200	0.5201855897903442
416	204	0.5348045825958252
416	209	0.5244171023368835
416	392	0.5968109965324402
416	302	0.5791624188423157
416	301	0.5314339399337769
416	304	0.5530247688293457
416	378	0.5898746848106384
416	385	0.6117264628410339
416	354	0.5811398029327393
416	357	0.6024017930030823
416	356	0.5306817293167114
416	367	0.5476471185684204
416	339	0.5992735028266907
416	345	0.5452302694320679
416	347	0.5369795560836792
416	310	0.5992669463157654
416	313	0.6449043154716492
416	317	0.5987715125083923
416	319	0.5000039339065552
416	318	0.6411762237548828
416	326	0.5584877729415894
416	328	0.5918460488319397
416	421	0.578050434589386
416	427	0.617686927318573
416	403	0.4992048442363739
416	402	0.463427871465683
416	405	0.5022715330123901
416	496	0.6097140312194824
416	476	0.5232321619987488
416	479	0.5744149088859558
416	471	0.5543373823165894
416	480	0.5918998122215271
416	451	0.4914989769458771
416	469	0.5878445506095886
416	468	0.5943154692649841
416	462	0.5695071220397949
416	443	0.6333618760108948
416	531	0.5653095245361328
416	515	0.6186846494674683
416	520	0.6539015173912048
416	526	0.6225903034210205
416	500	0.6067054867744446
416	501	0.5693615674972534
416	506	0.6116283535957336
416	509	0.5913468599319458
416	591	0.5589483380317688
416	576	0.5239502787590027
416	588	0.5653733015060425
416	655	0.5478702783584595
416	658	0.5991684198379517
416	657	0.6070184707641602
416	659	0.5801121592521667
416	660	0.5920595526695251
416	614	0.590233564376831
416	627	0.5911661982536316
416	690	0.6098946332931519
416	676	0.5909375548362732
416	684	0.5991684198379517
416	686	0.5966368913650513
416	750	0.5975528359413147
416	755	0.5484752058982849
479	915	0.4710121750831604
189	248	0.35819557309150696
189	241	0.40159812569618225
189	246	0.46163779497146606
189	253	0.42871519923210144
189	255	0.47128215432167053
189	225	0.4114513397216797
189	238	0.4461895525455475
189	234	0.48909714818000793
189	203	0.4229850471019745
189	204	0.38337627053260803
189	209	0.425182580947876
189	207	0.433567076921463
189	216	0.41893675923347473
189	214	0.48559999465942383
189	283	0.4586702883243561
189	297	0.46206483244895935
189	294	0.46391499042510986
189	268	0.4439755380153656
189	418	0.43389663100242615
189	378	0.4567713141441345
189	381	0.4616919755935669
189	317	0.45267173647880554
189	525	0.4973139762878418
189	526	0.4493197500705719
189	503	0.44483599066734314
189	500	0.41344213485717773
189	742	0.4331173002719879
189	751	0.36884212493896484
472	72	0.3195933401584625
472	79	0.47387319803237915
472	82	0.5500257611274719
472	28	0.4086039662361145
472	24	0.42922595143318176
472	22	0.5072984099388123
332	264	0.4855906069278717
234	648	0.5873703956604004
234	647	0.606657862663269
234	628	0.5176308751106262
234	867	0.6108558773994446
234	956	0.6252568960189819
102	13	0.5294758677482605
102	94	0.3965418338775635
102	73	0.5066041946411133
102	88	0.4693658947944641
102	67	0.5021904110908508
102	66	0.504063606262207
102	49	0.5258645415306091
125	85	0.3648874759674072
125	87	0.4490584433078766
125	80	0.3222866356372833
125	94	0.3953839838504791
125	90	0.4271911382675171
125	63	0.3091040551662445
125	67	0.38287353515625
125	73	0.3960018754005432
125	72	0.38686951994895935
125	70	0.4092008173465729
125	41	0.3591720461845398
125	50	0.48426732420921326
125	22	0.43591687083244324
125	21	0.37853071093559265
102	235	0.4431707262992859
102	211	0.5437549352645874
102	202	0.5509575009346008
102	175	0.5203368663787842
102	153	0.5152984261512756
125	195	0.4586334526538849
125	190	0.5096122026443481
125	158	0.3772527277469635
125	122	0.379829078912735
125	120	0.4161205291748047
125	105	0.38398611545562744
125	109	0.3662177324295044
125	111	0.3678278923034668
125	116	0.3829948306083679
125	202	0.4363388121128082
125	289	0.3753710389137268
125	294	0.3805583715438843
125	290	0.3848717212677002
125	243	0.3468877673149109
125	258	0.4823553264141083
125	222	0.43447789549827576
125	235	0.3591139614582062
125	239	0.33124884963035583
125	238	0.3812449872493744
125	323	0.3846621811389923
125	300	0.41367632150650024
125	383	0.2591620981693268
125	386	0.37575453519821167
125	384	0.3652344048023224
125	388	0.3673309087753296
125	395	0.3744765818119049
125	399	0.32560548186302185
125	364	0.3718715310096741
125	369	0.36772459745407104
125	376	0.3653944432735443
125	407	0.36922281980514526
125	401	0.3669882118701935
189	133	0.45779821276664734
189	105	0.4486079216003418
189	100	0.4813367426395416
551	226	0.5192319750785828
551	227	0.5660717487335205
551	228	0.5207918882369995
551	230	0.5384377241134644
551	232	0.498318076133728
551	233	0.4712732136249542
551	235	0.5665553212165833
551	237	0.5888370871543884
551	240	0.45769327878952026
551	241	0.613750159740448
551	200	0.5573128461837769
551	202	0.5572375059127808
551	203	0.5542852282524109
551	219	0.44946545362472534
551	211	0.5271493196487427
551	215	0.622582197189331
551	217	0.4907974302768707
551	218	0.5198483467102051
551	393	0.6188415288925171
532	636	0.5279678106307983
532	559	0.5694777369499207
532	562	0.4486832916736603
551	365	0.6281442046165466
551	366	0.6167113780975342
551	380	0.5199826955795288
551	385	0.5966572165489197
551	356	0.5565717816352844
532	754	0.602638304233551
532	763	0.6031305193901062
551	402	0.528252124786377
551	403	0.4718136489391327
551	405	0.5571821928024292
551	410	0.6116405725479126
551	411	0.5030178427696228
532	655	0.5423068404197693
551	468	0.6456142663955688
551	470	0.6073368787765503
551	471	0.6314665675163269
551	475	0.6366419792175293
551	476	0.6032024621963501
551	447	0.4896812438964844
551	448	0.508632481098175
551	455	0.5989446043968201
551	458	0.6343994140625
551	460	0.6226257085800171
551	461	0.6375754475593567
551	421	0.5961769223213196
551	423	0.6567607522010803
532	840	0.4776745140552521
551	508	0.627791702747345
551	518	0.6397997736930847
551	587	0.4988589286804199
551	591	0.5518224835395813
551	596	0.5423179268836975
551	566	0.5616026520729065
551	568	0.5586888194084167
551	572	0.5230327248573303
551	578	0.5752912163734436
551	581	0.5818697810173035
551	582	0.5472722053527832
551	583	0.5787063837051392
551	544	0.5222551822662354
551	546	0.5243295431137085
551	550	0.5184780359268188
551	552	0.5724838376045227
551	554	0.5092201232910156
551	559	0.49750959873199463
189	118	0.38564231991767883
125	864	0.36660417914390564
189	186	0.43800950050354004
189	185	0.47877129912376404
189	194	0.3786459267139435
189	191	0.5058118104934692
189	198	0.40830719470977783
189	197	0.44501927495002747
189	196	0.46227142214775085
189	199	0.514141321182251
189	165	0.4422833025455475
189	162	0.46331632137298584
189	166	0.4584181606769562
189	172	0.4374508857727051
189	170	0.515331506729126
189	176	0.4322577118873596
189	175	0.5273852348327637
189	174	0.420852929353714
189	173	0.5168729424476624
189	179	0.47396567463874817
189	178	0.453083336353302
189	181	0.4032651484012604
189	180	0.44885072112083435
189	143	0.2908993363380432
189	150	0.4311333894729614
189	151	0.5312786102294922
189	157	0.4607907831668854
247	7	0.4929550886154175
247	1	0.5308486223220825
247	64	0.4287721812725067
247	70	0.4975367486476898
247	50	0.5285037159919739
247	58	0.495737224817276
247	28	0.5370557308197021
56	1047	0.6343234777450562
56	1028	0.6219795942306519
56	1035	0.6034389734268188
56	1036	0.6471853256225586
58	1069	0.4611012935638428
56	1092	0.5147624015808105
58	191	0.622635006904602
56	164	0.5602680444717407
56	161	0.5441321730613708
56	167	0.5448132157325745
56	153	0.5326348543167114
56	154	0.5527482628822327
56	151	0.648531973361969
56	158	0.5271152257919312
56	144	0.525902271270752
56	143	0.5045868754386902
56	122	0.5031324625015259
56	231	0.47089821100234985
56	235	0.5636326670646667
56	225	0.4713912904262543
56	201	0.4018212854862213
56	295	0.49336227774620056
56	395	0.5093374848365784
56	391	0.5387882590293884
56	399	0.49289125204086304
56	383	0.4588029086589813
56	386	0.5444413423538208
56	373	0.5306356549263
56	372	0.5370107293128967
56	376	0.5150215029716492
56	368	0.5266481637954712
85	182	0.27789729833602905
13	916	0.48079681396484375
13	914	0.545761227607727
56	410	0.5672681927680969
85	272	0.4963587820529938
56	623	0.4328705668449402
56	585	0.5508340001106262
56	578	0.48845115303993225
56	575	0.5187744498252869
56	568	0.5815157294273376
56	550	0.486438125371933
56	559	0.5679022073745728
85	340	0.4030896723270416
56	755	0.48531150817871094
56	720	0.5490070581436157
56	728	0.49385491013526917
56	715	0.6397383809089661
85	316	0.5550109148025513
56	871	0.5212553143501282
56	862	0.5879858732223511
56	849	0.5748787522315979
56	797	0.4228019416332245
56	94	0.5252414345741272
56	68	0.5765644907951355
56	78	0.5175228714942932
56	66	0.5195329785346985
56	62	0.5884873867034912
56	63	0.5131927728652954
56	29	0.44535455107688904
56	25	0.56923508644104
911	1060	0.5604609251022339
911	1039	0.4573623239994049
911	1203	0.5242317914962769
828	1646	0.5250540375709534
880	1014	0.43777674436569214
880	1049	0.434533029794693
880	1296	0.4829258918762207
860	1602	0.47593218088150024
880	1664	0.5055107474327087
714	1028	0.578761875629425
714	1016	0.594079852104187
683	1483	0.4172736704349518
807	1076	0.4688931405544281
807	1078	0.6945726871490479
807	1066	0.6594395041465759
807	1016	0.6595008969306946
807	1034	0.6633176207542419
807	1133	0.52679044008255
807	1138	0.4756564795970917
807	1091	0.5991657376289368
807	1089	0.5440235137939453
807	1274	0.37147611379623413
807	1444	0.5500199794769287
807	1411	0.5516037344932556
807	1413	0.4469151794910431
807	1409	0.5377012491226196
807	1615	0.49675166606903076
796	1032	0.6961324214935303
796	1036	0.6860533952713013
796	1055	0.5640726089477539
796	1057	0.6037823557853699
796	1049	0.6426253914833069
796	1048	0.6446849703788757
796	1041	0.6573845744132996
796	1040	0.7075875401496887
796	1042	0.5220451951026917
796	1046	0.6836565136909485
796	1037	0.6903443336486816
796	1001	0.46073323488235474
796	1074	0.6029422879219055
796	1076	0.4993457794189453
796	1090	0.5831159949302673
796	1303	0.32600244879722595
796	1297	0.5103296637535095
796	1285	0.570328950881958
796	1228	0.5431899428367615
796	1217	0.5829399228096008
796	1415	0.37365424633026123
416	1016	0.6553986072540283
416	1007	0.6029304265975952
189	1115	0.49352890253067017
189	1117	0.4567914307117462
189	1154	0.4433344602584839
189	1098	0.4427165985107422
189	1099	0.4514522850513458
189	1315	0.4582638144493103
189	1372	0.17355692386627197
189	1400	0.44222697615623474
189	1401	0.45481714606285095
189	1402	0.4286997318267822
189	1403	0.35739749670028687
189	1404	0.4331999719142914
102	1052	0.4700983464717865
102	1030	0.5032976269721985
125	1037	0.42955684661865234
125	1036	0.3872901499271393
125	1000	0.2931550443172455
125	1093	0.3534849286079407
125	1052	0.3954068124294281
125	1074	0.33396100997924805
125	1246	0.3615415096282959
125	1249	0.3505859673023224
125	1270	0.3666071891784668
125	1271	0.36589375138282776
125	1180	0.3712645471096039
125	1183	0.3562353253364563
125	1185	0.40280765295028687
125	1170	0.3393462300300598
159	1025	0.41016197204589844
189	1005	0.4700375497341156
189	1065	0.47040116786956787
189	1060	0.4964626729488373
189	1056	0.4672219157218933
189	1020	0.45981818437576294
189	1021	0.4505045711994171
279	1047	0.5945165157318115
279	1132	0.3630749583244324
247	1022	0.5343171954154968
551	44	0.5705938935279846
551	184	0.4278225898742676
714	3	0.5355875492095947
714	405	0.6138021945953369
714	50	0.5823063254356384
714	748	0.5764684081077576
551	185	0.6997902989387512
714	471	0.6360278129577637
714	7	0.5863962173461914
714	871	0.495432049036026
714	763	0.5566968321800232
714	685	0.613566517829895
551	693	0.652631938457489
551	198	0.5176312923431396
189	705	0.45744264125823975
189	661	0.47313761711120605
189	815	0.44436296820640564
189	847	0.3384186923503876
189	855	0.4370233714580536
189	820	0.3708353042602539
189	934	0.4448304772377014
189	914	0.3740198314189911
416	97	0.5788101553916931
411	73	0.3302827477455139
411	79	0.40295228362083435
411	50	0.49804314970970154
411	58	0.44964972138404846
411	28	0.39206618070602417
472	7	0.5558476448059082
472	2	0.415142297744751
472	3	0.46681302785873413
472	1	0.5665177702903748
472	11	0.5097545385360718
472	12	0.5929566621780396
472	90	0.4598425626754761
472	94	0.3948146402835846
472	91	0.54600590467453
472	68	0.4066542983055115
472	69	0.38946831226348877
472	67	0.44193965196609497
551	181	0.5929639935493469
551	673	0.573208212852478
551	172	0.6527031064033508
551	76	0.5406676530838013
551	770	0.43106481432914734
551	33	0.5407286286354065
551	34	0.539100170135498
551	941	0.5346546173095703
551	157	0.6336970329284668
551	150	0.5897284746170044
551	742	0.5463781952857971
551	15	0.6459953784942627
551	747	0.531937301158905
551	70	0.552751362323761
551	735	0.628970205783844
551	24	0.5265358686447144
551	186	0.5371417999267578
551	42	0.6232749819755554
551	71	0.5085222721099854
551	49	0.5511947870254517
551	774	0.5639380812644958
551	25	0.5852554440498352
551	13	0.5940697193145752
551	31	0.5464556217193604
551	924	0.4910547137260437
551	58	0.6187616586685181
551	943	0.5276933312416077
551	147	0.5277474522590637
551	727	0.5696757435798645
551	188	0.6475828289985657
551	732	0.5346380472183228
551	708	0.6437960863113403
551	950	0.6308464407920837
551	846	0.5542930364608765
551	790	0.5971835851669312
551	755	0.42148420214653015
551	763	0.5980496406555176
551	825	0.49592775106430054
551	54	0.5824952721595764
551	73	0.4498831033706665
551	77	0.5523437857627869
551	975	0.521787703037262
551	762	0.6310133337974548
551	959	0.6033927202224731
551	833	0.39119991660118103
551	155	0.5598927736282349
551	944	0.5433126091957092
551	756	0.6041339039802551
551	979	0.5273051857948303
551	38	0.4905565083026886
551	760	0.5948495268821716
551	824	0.609397828578949
551	739	0.5330997109413147
551	827	0.5968645215034485
551	415	0.3929504454135895
551	363	0.3811297118663788
551	576	0.5355719923973083
551	159	0.5671961903572083
551	720	0.5365071296691895
551	595	0.5035087466239929
551	229	0.5119642019271851
551	51	0.5130276083946228
551	2	0.573866069316864
551	721	0.5850212574005127
551	719	0.49263420701026917
551	17	0.4616015553474426
551	451	0.5102424621582031
551	597	0.5232129096984863
551	43	0.5191566348075867
551	84	0.6046753525733948
551	672	0.4699375331401825
551	26	0.5984185934066772
551	40	0.6166072487831116
551	864	0.5976987481117249
551	715	0.5839002728462219
551	849	0.5422812104225159
551	67	0.5911313891410828
551	761	0.5360094308853149
551	717	0.525684118270874
551	696	0.5459632277488708
551	765	0.544723629951477
551	384	0.6270442008972168
551	570	0.4806593656539917
551	796	0.5111501812934875
551	80	0.4666256010532379
551	926	0.6095321774482727
551	728	0.49773842096328735
551	1419	0.5125777125358582
551	1443	0.6490689516067505
551	1439	0.5448606014251709
551	1376	0.5889506936073303
551	1518	0.6210463047027588
551	1621	0.49359896779060364
587	1265	0.40884798765182495
587	1483	0.41965025663375854
655	1268	0.596331000328064
655	1650	0.5973732471466064
655	1645	0.6337617039680481
683	1280	0.350216805934906
587	1624	0.2751235067844391
587	1625	0.34096887707710266
328	1483	0.3753422498703003
334	1525	0.481464684009552
379	1022	0.6358501315116882
379	1113	0.4364565908908844
328	1106	0.4601573348045349
416	1119	0.5258042216300964
416	1133	0.5665590763092041
411	1197	0.3584245443344116
416	1074	0.5915297269821167
416	1020	0.5957716107368469
416	1058	0.6091993451118469
416	1221	0.5945909023284912
416	1226	0.5899996757507324
416	1229	0.5392472147941589
416	1189	0.5874635577201843
416	1262	0.4496057629585266
416	1286	0.3757309019565582
411	1470	0.3637760877609253
416	1483	0.568146824836731
416	1426	0.5950695276260376
416	1516	0.5868164896965027
416	1594	0.43945208191871643
416	1540	0.5088543891906738
472	1074	0.40916749835014343
472	1239	0.2859594225883484
483	1152	0.5898503065109253
551	561	0.4694945812225342
551	399	0.5218168497085571
551	386	0.5998727679252625
551	779	0.35596930980682373
551	780	0.6284487843513489
472	877	0.4153708219528198
472	355	0.3552793264389038
472	323	0.5028040409088135
472	338	0.41400524973869324
472	552	0.5134862661361694
472	362	0.38672253489494324
472	916	0.4569539427757263
472	313	0.6365267038345337
472	895	0.4057120680809021
472	271	0.4697108864784241
472	751	0.4157259166240692
472	343	0.5077379941940308
472	568	0.440673828125
472	569	0.42560112476348877
472	358	0.4572712481021881
472	265	0.5135537981987
472	385	0.47781410813331604
472	578	0.39379772543907166
472	366	0.36549851298332214
472	576	0.3569031357765198
472	258	0.5687875747680664
472	386	0.3768194913864136
472	367	0.4903499484062195
472	760	0.33207887411117554
472	541	0.4433431625366211
472	423	0.4850309491157532
472	475	0.45888033509254456
472	255	0.3336027264595032
472	318	0.5280230045318604
472	400	0.23417124152183533
472	168	0.48527249693870544
472	597	0.5455665588378906
472	549	0.613257884979248
472	172	0.4771825671195984
472	402	0.48153507709503174
807	21	0.5031246542930603
807	94	0.5044190883636475
234	152	0.4818151295185089
234	301	0.5399686694145203
125	914	0.3389565050601959
125	751	0.45838505029678345
125	340	0.40228956937789917
125	748	0.4497525990009308
125	346	0.46016600728034973
125	687	0.3853664994239807
125	520	0.41003134846687317
125	482	0.4746842086315155
125	485	0.35458335280418396
125	498	0.4211684465408325
125	657	0.5187509059906006
125	474	0.4970014989376068
125	945	0.45351260900497437
125	692	0.41542986035346985
125	435	0.4080791771411896
125	367	0.3824540078639984
125	763	0.3770860731601715
125	382	0.3661108613014221
911	272	0.4365607500076294
911	313	0.4882729649543762
125	451	0.3876095116138458
125	999	0.36070170998573303
125	508	0.44333943724632263
911	89	0.5649192929267883
125	756	0.35828420519828796
125	996	0.29615339636802673
125	801	0.36111313104629517
125	728	0.3150007128715515
125	790	0.3617928624153137
125	585	0.3641932010650635
125	781	0.38458094000816345
911	427	0.44254621863365173
125	785	0.39468204975128174
911	174	0.4874348044395447
125	796	0.3741284906864166
125	949	0.49425458908081055
911	172	0.4160248935222626
911	474	0.3606414794921875
911	483	0.5127493143081665
911	191	0.4193110764026642
911	173	0.5087060332298279
125	722	0.35966038703918457
911	479	0.4827481508255005
911	480	0.4973166584968567
911	478	0.4942874610424042
125	940	0.36830490827560425
125	571	0.38917356729507446
911	482	0.47894367575645447
911	190	0.49717363715171814
911	357	0.47718536853790283
911	496	0.46287745237350464
125	997	0.377032995223999
125	734	0.3772260844707489
911	98	0.5489509105682373
911	87	0.4035840332508087
911	193	0.4372473955154419
125	926	0.3654692769050598
125	411	0.23593047261238098
911	215	0.42247018218040466
125	412	0.3558081090450287
125	780	0.3841701149940491
125	577	0.3511115312576294
911	199	0.4187280535697937
911	484	0.5526416897773743
911	211	0.48691725730895996
911	205	0.5076906681060791
911	485	0.48804178833961487
911	183	0.4871748387813568
911	7	0.3782774806022644
911	432	0.45180901885032654
911	210	0.3836406171321869
911	93	0.4397217631340027
911	83	0.4692153036594391
911	209	0.41709721088409424
911	381	0.4793592393398285
911	194	0.4425200819969177
911	186	0.3574286699295044
911	216	0.494886577129364
911	428	0.4292413592338562
911	204	0.6179122924804688
911	208	0.3981064558029175
911	238	0.4633733928203583
911	435	0.38850128650665283
911	26	0.4483916461467743
911	399	0.3593795895576477
911	21	0.45783355832099915
911	451	0.5053490400314331
911	240	0.3741230368614197
911	465	0.3631850481033325
911	423	0.4740963280200958
911	82	0.5424578785896301
911	102	0.4772595167160034
911	99	0.40517064929008484
911	419	0.46518126130104065
911	420	0.4526948928833008
911	404	0.4336147904396057
911	473	0.4159472584724426
911	383	0.2105460911989212
911	374	0.17167843878269196
911	203	0.44960352778434753
911	228	0.5649377703666687
911	443	0.3486759662628174
911	185	0.48796525597572327
911	176	0.5429458022117615
911	431	0.40018290281295776
911	923	0.43008384108543396
911	727	0.4646752178668976
911	197	0.4747951626777649
738	82	0.4883565902709961
738	169	0.4078434705734253
738	385	0.3401123583316803
738	183	0.5254250168800354
738	603	0.42277541756629944
738	1	0.49879810214042664
738	205	0.4196633994579315
738	69	0.47802305221557617
738	176	0.42539241909980774
738	144	0.42645370960235596
738	527	0.4295879006385803
738	135	0.5232349038124084
738	89	0.48362845182418823
738	164	0.36833178997039795
738	193	0.4654405415058136
738	180	0.3896305561065674
738	210	0.4055050313472748
738	96	0.47253984212875366
738	318	0.4927533268928528
738	50	0.4953305125236511
411	276	0.4795454442501068
411	172	0.47896650433540344
411	168	0.5214775204658508
411	265	0.4554520845413208
411	709	0.4055253863334656
411	1	0.5473119616508484
411	210	0.43306776881217957
411	186	0.5242565274238586
411	194	0.3508129417896271
411	181	0.47835859656333923
411	451	0.4364227056503296
411	568	0.3271978795528412
411	4	0.4231704771518707
411	174	0.410425066947937
411	258	0.41523775458335876
411	566	0.5234226584434509
411	770	0.3585720956325531
411	732	0.3758717477321625
411	318	0.6035403609275818
411	196	0.4645611345767975
411	527	0.383667916059494
411	603	0.48048385977745056
411	485	0.41888055205345154
532	241	0.6342321634292603
532	298	0.6038509011268616
532	226	0.5462523102760315
532	229	0.609275758266449
532	204	0.5176755785942078
279	434	0.650857150554657
279	586	0.4819068908691406
279	919	0.5649552345275879
279	130	0.41572749614715576
279	421	0.5878356695175171
279	744	0.4957362115383148
279	94	0.47484108805656433
279	230	0.4943503141403198
532	136	0.6538397073745728
279	269	0.5960392355918884
532	215	0.631527841091156
532	87	0.6246575117111206
532	22	0.6132543683052063
532	96	0.6132358908653259
532	24	0.6076748967170715
587	269	0.4558289647102356
587	272	0.4344694912433624
796	1407	0.407892107963562
796	1522	0.603935956954956
532	1011	0.6749008297920227
532	1119	0.6136720180511475
532	1226	0.6250473260879517
551	1118	0.6029402613639832
551	1067	0.6428219079971313
551	1059	0.5951913595199585
551	1051	0.6423198580741882
551	1087	0.4194936156272888
551	1079	0.5002323389053345
551	1028	0.597497284412384
551	1011	0.6731873154640198
551	1047	0.6523903608322144
551	1044	0.6919011473655701
551	1035	0.6370775103569031
551	1220	0.6374652981758118
551	1217	0.5114271640777588
551	1207	0.5195833444595337
551	1135	0.48881885409355164
551	1136	0.635916531085968
551	1139	0.5808750987052917
551	1169	0.6304239630699158
532	1594	0.39598020911216736
551	1303	0.49868032336235046
551	1304	0.5474310517311096
551	1314	0.4788395166397095
551	1267	0.6386435031890869
551	1253	0.5306133031845093
587	691	0.36893948912620544
587	914	0.4039365351200104
587	937	0.4171687662601471
587	268	0.42291831970214844
587	258	0.47721683979034424
587	262	0.4416840970516205
587	895	0.46609076857566833
587	918	0.2835768163204193
587	750	0.42098546028137207
587	938	0.4054180085659027
587	886	0.3791004419326782
587	270	0.3976495862007141
587	294	0.4720185697078705
587	749	0.41672483086586
587	259	0.35355454683303833
587	690	0.47889742255210876
587	245	0.4736311733722687
587	873	0.4466475248336792
587	260	0.3977096378803253
587	887	0.4471227526664734
587	271	0.4182316064834595
587	682	0.421599417924881
587	877	0.4779894948005676
587	330	0.4066121578216553
587	350	0.47562989592552185
587	264	0.4502941071987152
587	349	0.3834494352340698
587	243	0.3619236946105957
587	539	0.40398308634757996
587	689	0.4006728231906891
587	261	0.41112178564071655
587	678	0.42090439796447754
587	989	0.3108522891998291
587	748	0.45188355445861816
587	338	0.43235400319099426
587	892	0.4201732277870178
587	875	0.45533716678619385
587	680	0.4765101671218872
587	995	0.42737534642219543
587	890	0.432350218296051
587	905	0.43150147795677185
587	342	0.49424657225608826
587	266	0.46514585614204407
587	688	0.38175109028816223
587	876	0.3896254599094391
587	879	0.3499981462955475
587	880	0.40399160981178284
587	312	0.4771633744239807
587	888	0.4090822637081146
587	902	0.521333634853363
587	355	0.3421775996685028
587	916	0.4253920018672943
587	881	0.4151526987552643
587	878	0.43140366673469543
587	988	0.3208518624305725
587	681	0.4382724165916443
587	308	0.4302282929420471
587	687	0.2575068771839142
587	351	0.3693026304244995
587	353	0.41141974925994873
883	752	0.5692929625511169
796	271	0.47601744532585144
796	873	0.6162147521972656
796	339	0.5687249302864075
379	393	0.4714130163192749
379	306	0.48602306842803955
379	577	0.4774284362792969
379	345	0.3863850235939026
379	496	0.5845320224761963
379	188	0.5265916585922241
379	701	0.5028703212738037
776	486	0.541317343711853
776	607	0.48063966631889343
776	760	0.5841294527053833
776	164	0.4651916027069092
776	443	0.5148972272872925
776	234	0.49778398871421814
776	185	0.6488094925880432
776	5	0.6218889355659485
776	219	0.5193983316421509
776	675	0.5153899788856506
776	218	0.5154953002929688
776	674	0.4987991750240326
776	436	0.5229441523551941
776	670	0.45170295238494873
776	559	0.4797295033931732
776	217	0.5153701901435852
776	567	0.4909287393093109
776	637	0.43961507081985474
776	672	0.5145183801651001
776	200	0.5412344932556152
776	145	0.51653653383255
776	184	0.43869197368621826
776	860	0.4319426715373993
776	441	0.5171434283256531
776	569	0.5134905576705933
776	635	0.49503037333488464
776	444	0.5953054428100586
776	816	0.4745577275753021
776	437	0.49081072211265564
776	564	0.5620620846748352
776	769	0.6009907722473145
776	590	0.5432989001274109
776	551	0.5173996686935425
776	706	0.46866485476493835
776	667	0.5060822367668152
776	440	0.5198289752006531
776	442	0.4823538661003113
776	439	0.5024529099464417
776	438	0.5062206387519836
738	313	0.49603259563446045
738	916	0.38589853048324585
738	269	0.513159990310669
738	751	0.3396184742450714
738	343	0.4979136884212494
738	271	0.40921738743782043
738	517	0.3024579882621765
738	199	0.44567519426345825
825	111	0.41071513295173645
825	844	0.46823960542678833
738	969	0.40333983302116394
880	272	0.3760126829147339
880	310	0.4113731384277344
880	307	0.43554699420928955
880	346	0.5118361711502075
880	316	0.5186424851417542
880	315	0.49359893798828125
880	748	0.4310246407985687
880	329	0.376585453748703
880	342	0.3871757388114929
880	902	0.4861339032649994
880	347	0.5981094837188721
880	876	0.4436168372631073
880	348	0.512436032295227
880	881	0.4655238091945648
880	299	0.4078825116157532
880	295	0.37661269307136536
880	287	0.3532487750053406
880	992	0.3447189927101135
880	746	0.48862266540527344
807	659	0.50713711977005
807	625	0.5820404291152954
807	2	0.5521485805511475
807	546	0.6572572588920593
807	403	0.4509318470954895
807	62	0.5521304607391357
807	420	0.590110719203949
807	102	0.672731339931488
807	842	0.5512579083442688
807	417	0.5741178393363953
807	550	0.6382692456245422
102	350	0.5268480777740479
102	785	0.45905348658561707
102	778	0.47493380308151245
102	652	0.6220248937606812
102	792	0.5230484008789062
102	746	0.48356279730796814
102	663	0.5529020428657532
102	163	0.5076873302459717
102	393	0.45839017629623413
102	866	0.5645412802696228
102	386	0.47538357973098755
102	396	0.5575439929962158
102	734	0.5152016878128052
102	411	0.37685438990592957
102	476	0.4805833697319031
102	384	0.48238405585289
102	409	0.5012744069099426
102	577	0.375540167093277
102	167	0.5151995420455933
102	856	0.5597614645957947
655	131	0.6398561000823975
532	918	0.6117530465126038
332	302	0.6665320992469788
332	728	0.3698829114437103
880	762	0.3198408782482147
880	815	0.34577667713165283
796	237	0.5393065214157104
796	736	0.5193759202957153
796	371	0.5311110019683838
796	451	0.5506168603897095
796	747	0.5959352254867554
796	213	0.514876663684845
796	274	0.6134830713272095
796	202	0.6136660575866699
796	716	0.5209723114967346
796	662	0.5638125538825989
796	739	0.6099163889884949
796	381	0.6182874441146851
796	553	0.5133631825447083
796	517	0.5931757092475891
796	549	0.5193212628364563
796	280	0.5126118659973145
796	26	0.47494661808013916
796	732	0.6111065745353699
796	155	0.5127582550048828
796	66	0.5974286794662476
796	724	0.5568225979804993
796	49	0.6014870405197144
796	88	0.608024001121521
796	111	0.6132215261459351
796	796	0.5930042266845703
796	731	0.564429521560669
796	794	0.5306550860404968
796	402	0.5020371079444885
796	86	0.5742865800857544
796	722	0.4664932191371918
796	387	0.586081862449646
796	728	0.5584288835525513
796	36	0.5006099939346313
796	516	0.5103486180305481
796	209	0.5126276016235352
796	211	0.5965454578399658
796	655	0.5285707116127014
796	746	0.47100383043289185
796	236	0.5505287051200867
796	4	0.5556709170341492
796	367	0.480637788772583
796	182	0.5806292295455933
796	385	0.6315372586250305
796	566	0.6007350087165833
796	230	0.5802568793296814
796	161	0.48910969495773315
796	2	0.6001714468002319
796	530	0.5633018016815186
796	147	0.6504093408584595
796	403	0.4945141077041626
796	226	0.6268876791000366
796	399	0.5815005898475647
796	227	0.6412448287010193
796	233	0.5464804172515869
796	679	0.5761651396751404
796	229	0.6136051416397095
796	33	0.6018136739730835
796	570	0.426821768283844
796	38	0.6294592022895813
796	118	0.6093258857727051
796	546	0.621644914150238
796	636	0.5328381061553955
796	576	0.45380327105522156
796	720	0.48851799964904785
796	550	0.6262516379356384
796	578	0.5826011300086975
796	62	0.5767756104469299
796	39	0.6692063808441162
796	231	0.5853809118270874
796	449	0.5614410042762756
796	665	0.5591614842414856
796	540	0.5112252235412598
796	29	0.5127030611038208
796	779	0.2591714859008789
796	391	0.49186015129089355
796	53	0.6079496741294861
796	554	0.5097940564155579
796	232	0.5584137439727783
796	797	0.5738982558250427
796	586	0.43691664934158325
796	450	0.5786380171775818
407	313	0.6521521210670471
776	648	0.5394725203514099
776	661	0.5957859754562378
807	380	0.5569833517074585
807	386	0.4920913279056549
807	720	0.47874101996421814
807	399	0.5513036847114563
807	384	0.4808776080608368
407	269	0.6120592951774597
247	272	0.45642849802970886
247	750	0.48500725626945496
247	100	0.46762147545814514
247	251	0.40721550583839417
247	151	0.5422109961509705
247	340	0.411088764667511
247	121	0.3950728476047516
247	257	0.5778362154960632
247	181	0.47044846415519714
247	259	0.4395369291305542
247	222	0.5143500566482544
247	751	0.48787087202072144
247	271	0.3923667073249817
247	300	0.4520076811313629
807	570	0.48678484559059143
807	576	0.5204331874847412
807	373	0.5130839943885803
807	542	0.6073033809661865
807	398	0.3876555263996124
807	826	0.5870286822319031
807	415	0.450403094291687
807	422	0.42997583746910095
807	449	0.549627959728241
807	450	0.5656268000602722
807	374	0.46923360228538513
807	743	0.6325298547744751
807	541	0.5829404592514038
807	602	0.6092621684074402
807	257	0.6590916514396667
807	250	0.48689332604408264
247	269	0.517880916595459
247	258	0.4500623643398285
247	111	0.5113542079925537
247	736	0.5299263596534729
483	743	0.5746769905090332
561	362	0.4523848593235016
751	916	0.5219393372535706
532	916	0.5649551749229431
532	132	0.5827118754386902
532	95	0.6082882285118103
532	914	0.5115644335746765
532	304	0.679257869720459
532	203	0.5675635933876038
532	66	0.5080422759056091
532	230	0.6188699007034302
532	228	0.6191989183425903
532	402	0.5438609719276428
532	576	0.5418356657028198
532	100	0.6862599849700928
532	591	0.5749977827072144
532	739	0.5128292441368103
532	658	0.6130947470664978
532	1	0.6457144021987915
532	117	0.7086673378944397
532	472	0.4271436035633087
532	692	0.5076846480369568
532	2	0.5428025722503662
532	404	0.6495612859725952
532	588	0.4915546476840973
532	8	0.6322801113128662
532	7	0.6449675559997559
532	282	0.6058938503265381
532	526	0.6197429299354553
532	97	0.5564490556716919
532	4	0.6112831830978394
532	107	0.6109121441841125
532	125	0.5494323372840881
532	127	0.6955276131629944
532	284	0.4988330900669098
532	99	0.5940251350402832
532	746	0.5875659584999084
532	98	0.6512458324432373
532	9	0.6165021657943726
532	216	0.5536807179450989
532	277	0.6652911901473999
532	318	0.6865928173065186
532	367	0.6445120573043823
532	12	0.6358036398887634
532	496	0.6081979870796204
532	468	0.6276211738586426
532	480	0.633844256401062
532	531	0.6907810568809509
532	11	0.5987400412559509
532	491	0.6328276991844177
532	485	0.5369988083839417
532	603	0.6269153952598572
699	307	0.5906599164009094
699	270	0.5607315301895142
416	916	0.5572898983955383
416	274	0.5762418508529663
416	284	0.574906587600708
416	96	0.6133735775947571
416	775	0.5752294063568115
416	49	0.5507676601409912
416	781	0.5615702867507935
416	710	0.5436474680900574
416	77	0.543109655380249
533	297	0.7186888456344604
533	303	0.5647561550140381
828	246	0.49008187651634216
828	301	0.4414657652378082
828	985	0.4730795621871948
796	735	0.5798947215080261
796	291	0.5939590930938721
796	699	0.5793612599372864
796	693	0.5686496496200562
500	313	0.6645988821983337
796	185	0.5767286419868469
796	164	0.5581969022750854
796	218	0.6126036047935486
796	356	0.527182936668396
796	649	0.503345251083374
796	159	0.6026347875595093
796	628	0.5859867334365845
796	974	0.5247313976287842
796	717	0.5517053604125977
796	106	0.6342747807502747
796	281	0.6224092245101929
796	928	0.5591466426849365
796	564	0.45192137360572815
796	977	0.39756348729133606
328	313	0.501055896282196
328	915	0.47485482692718506
328	344	0.5011806488037109
328	916	0.3389257788658142
328	903	0.37906986474990845
328	912	0.4777490198612213
328	911	0.3865985870361328
796	443	0.494789719581604
416	768	0.537804126739502
416	85	0.5533654689788818
416	966	0.5737705230712891
416	915	0.5978939533233643
416	1	0.6226077675819397
416	603	0.6456810832023621
416	692	0.5094943642616272
416	87	0.611773669719696
416	275	0.5752599239349365
416	8	0.5532262325286865
416	277	0.5822403430938721
416	12	0.6359414458274841
416	9	0.5939175486564636
416	607	0.6194719672203064
416	625	0.5156159400939941
416	13	0.5484236478805542
416	22	0.6158937215805054
416	763	0.5466763377189636
416	136	0.5982010364532471
416	924	0.5663793683052063
416	812	0.4695131182670593
416	28	0.5904728770256042
416	148	0.5711030960083008
416	24	0.5986108183860779
416	727	0.5464800000190735
416	31	0.6265593767166138
416	50	0.6894702315330505
416	144	0.5671547055244446
416	239	0.5544441938400269
416	147	0.5695881843566895
416	156	0.5587250590324402
416	699	0.5916833281517029
416	51	0.5979956388473511
416	155	0.49803662300109863
416	100	0.6135136485099792
416	739	0.5558629035949707
416	729	0.588188648223877
416	168	0.577569305896759
416	58	0.5842240452766418
416	107	0.6078450083732605
416	54	0.5698423981666565
416	64	0.5934389233589172
416	286	0.4823276400566101
416	56	0.5759448409080505
416	747	0.5847485661506653
416	117	0.6483628153800964
416	65	0.6085543632507324
416	66	0.584253191947937
416	794	0.5030096769332886
416	293	0.526393473148346
416	70	0.5617554187774658
416	191	0.5778923630714417
416	181	0.6426883339881897
416	197	0.5561708211898804
416	248	0.6013965606689453
416	126	0.5845199227333069
416	281	0.5626224875450134
416	732	0.5705904960632324
416	959	0.5022665858268738
416	81	0.5729231238365173
416	251	0.5642321109771729
416	295	0.5491233468055725
416	79	0.6012649536132812
416	82	0.5415198802947998
416	83	0.5714501142501831
416	746	0.5483559370040894
416	258	0.5811033844947815
416	232	0.5289248824119568
416	735	0.5951923131942749
416	234	0.6164358258247375
416	98	0.6043274998664856
416	873	0.5771953463554382
416	121	0.5528687238693237
416	125	0.5500368475914001
416	241	0.5341507196426392
416	282	0.6017253994941711
416	283	0.5475623607635498
416	127	0.6199054718017578
416	172	0.7306250333786011
416	288	0.5055091381072998
416	265	0.5947006344795227
416	174	0.643287718296051
416	178	0.6055996417999268
416	143	0.6205943822860718
416	255	0.5954921841621399
416	150	0.6452516317367554
416	164	0.5519726276397705
416	194	0.4922729432582855
416	173	0.6314888000488281
416	183	0.6384739279747009
416	936	0.4910423755645752
416	196	0.6035793423652649
416	187	0.6064316630363464
416	195	0.573265552520752
416	754	0.47800156474113464
416	199	0.6065100431442261
416	917	0.5014221668243408
416	272	0.6271216869354248
416	918	0.445812851190567
416	942	0.601738452911377
796	200	0.5620707273483276
796	559	0.6112898588180542
796	219	0.4590442478656769
796	448	0.4781421720981598
796	447	0.5275773406028748
796	145	0.6428865194320679
796	672	0.4892318844795227
796	573	0.5415378212928772
796	565	0.5278431177139282
796	217	0.5105937719345093
796	396	0.5410038828849792
796	769	0.5211750864982605
796	859	0.5002018213272095
796	143	0.5058138966560364
796	432	0.5490891337394714
796	87	0.5503385663032532
796	588	0.5504662394523621
796	63	0.5231634974479675
796	378	0.5730435252189636
796	99	0.4929243326187134
796	71	0.537682056427002
796	151	0.49048206210136414
796	417	0.6177143454551697
796	393	0.47747111320495605
796	418	0.5975197553634644
796	871	0.47100135684013367
796	419	0.46490663290023804
796	755	0.5174754858016968
796	91	0.6279022693634033
796	776	0.5612028241157532
796	94	0.4412609040737152
796	768	0.5472099781036377
796	389	0.5120483040809631
796	623	0.49200230836868286
796	409	0.5590893030166626
796	988	0.5915713906288147
796	932	0.5219246745109558
796	78	0.4375799298286438
796	795	0.39171960949897766
796	542	0.4259832501411438
796	401	0.49580565094947815
796	112	0.595842182636261
407	7	0.6454242467880249
159	877	0.3032759726047516
159	333	0.43822288513183594
159	918	0.43303531408309937
159	258	0.47594720125198364
159	876	0.3208516538143158
159	259	0.4198841154575348
159	260	0.3266666531562805
159	358	0.42596936225891113
159	328	0.5066301822662354
159	299	0.24456940591335297
159	873	0.4535078704357147
159	880	0.40263640880584717
159	881	0.3457042872905731
189	313	0.4835197627544403
189	14	0.47576579451560974
189	9	0.4535217881202698
189	50	0.547971785068512
189	127	0.4163952171802521
189	124	0.5300872325897217
189	532	0.2667556405067444
189	1	0.5132733583450317
189	275	0.4403594434261322
189	13	0.4863239526748657
189	24	0.4660830497741699
189	7	0.46846404671669006
189	276	0.4408003091812134
189	10	0.46642938256263733
189	16	0.4313882887363434
189	15	0.44608694314956665
189	129	0.469984233379364
189	596	0.40390875935554504
189	137	0.45953065156936646
189	20	0.47396549582481384
189	405	0.46137818694114685
189	473	0.43460196256637573
189	459	0.4334030747413635
189	21	0.34269532561302185
189	952	0.37868496775627136
189	274	0.47237205505371094
189	281	0.4584193527698517
189	121	0.4148160219192505
189	990	0.4607907831668854
189	120	0.33006253838539124
189	479	0.512506902217865
189	657	0.4393726587295532
189	618	0.4411308169364929
189	318	0.536359965801239
189	59	0.4394681453704834
189	474	0.44190555810928345
189	505	0.42306098341941833
189	134	0.4607678949832916
189	603	0.4788382351398468
189	56	0.44683408737182617
189	480	0.522855818271637
189	483	0.49151453375816345
189	654	0.4994308650493622
189	531	0.4630706012248993
189	527	0.4453870952129364
189	511	0.4310223460197449
189	638	0.45766112208366394
189	520	0.47975462675094604
189	496	0.45653408765792847
189	652	0.46809831261634827
189	489	0.3242589831352234
189	79	0.4266085922718048
189	634	0.43024250864982605
189	517	0.5006982088088989
189	135	0.49319595098495483
189	492	0.4560166001319885
189	136	0.454807847738266
189	656	0.47443604469299316
189	516	0.4058302044868469
189	487	0.45147547125816345
189	523	0.438275009393692
189	499	0.4473419785499573
189	89	0.44063159823417664
189	632	0.4571978747844696
189	83	0.4347527325153351
189	45	0.42825743556022644
189	99	0.46071600914001465
189	91	0.4256111979484558
189	131	0.45220768451690674
189	485	0.46437695622444153
189	8	0.4307589530944824
189	792	0.4373965859413147
189	4	0.42692217230796814
189	462	0.45312920212745667
189	498	0.5136318206787109
189	60	0.4658883213996887
189	663	0.4476385712623596
189	659	0.4827136993408203
189	423	0.4037438631057739
189	61	0.4694058299064636
189	647	0.4944576025009155
189	513	0.4572315514087677
189	132	0.5355498194694519
189	639	0.45558562874794006
189	501	0.3949386179447174
189	694	0.35730651021003723
189	96	0.5166723728179932
189	582	0.46439939737319946
189	31	0.47520118951797485
189	486	0.418006032705307
189	484	0.4424014091491699
189	588	0.41659533977508545
189	863	0.4434572160243988
189	607	0.3818076252937317
189	30	0.45654693245887756
189	568	0.43041902780532837
189	28	0.48989540338516235
189	510	0.39517056941986084
189	433	0.44634562730789185
189	44	0.43394094705581665
189	630	0.46093669533729553
189	732	0.422057569026947
189	97	0.5175349116325378
189	512	0.5061324238777161
796	485	0.6314882040023804
796	855	0.5858084559440613
683	313	0.47318851947784424
683	311	0.5554059743881226
683	303	0.49512678384780884
683	300	0.463693231344223
683	301	0.38384613394737244
683	328	0.4962518513202667
683	331	0.4182242155075073
683	245	0.46929001808166504
683	323	0.4940682351589203
683	322	0.4981038570404053
683	358	0.501994252204895
683	332	0.411638468503952
683	299	0.4429936408996582
683	344	0.49376970529556274
683	312	0.2656432092189789
683	350	0.42031440138816833
683	308	0.41477298736572266
683	315	0.4924846887588501
729	690	0.4149402678012848
729	346	0.5614451766014099
729	310	0.45204150676727295
683	321	0.4062153398990631
683	302	0.6207816004753113
683	316	0.5464723110198975
683	347	0.5527275800704956
683	62	0.35294684767723083
683	340	0.4788619577884674
683	272	0.5158295035362244
683	327	0.3476528823375702
729	288	0.4807808995246887
683	305	0.45489823818206787
729	879	0.4399090111255646
729	294	0.33757126331329346
729	751	0.4371778070926666
683	325	0.3750983774662018
683	346	0.5365161895751953
683	306	0.49177777767181396
683	307	0.44948136806488037
683	354	0.3746010661125183
683	56	0.5080429315567017
729	338	0.42757606506347656
729	901	0.30716511607170105
729	894	0.32153651118278503
729	683	0.30634361505508423
729	362	0.44121357798576355
729	354	0.4432300329208374
729	748	0.413114458322525
729	689	0.5302504897117615
